the_best_vector <- c(1 : 5000,  7000 : 10000)
